--- PAGE 1 [OCR] ---
1914
1905
1913
1912
1910
1909
1907
1906
1904
1903
1911
1908
1902
1901
2012
2011
2010
2005
2004
2002
2014
2013
2009
2008
2007
2006
2003
2001
2114
2113
2111
2109
2107
2105
2110
2108
2103
2102
2106
2104
2112
2101
2211
2212
2210
2204
2214
2213
2207
2206
2205
2202
2209
2208
2203
2201
2314
2313
2312
2311
2310
2309
2307
2306
2305
2304
2303
2302
2308
2301

--- PAGE 2 [OCR] ---
2512
2511
2510
2508
2504
2502
2514
2513
2509
2507
2506
2505
2503
2501
2513
2512
2510
2508
2507
2505
2504
2502
2514
2511
2509
2506
2503
2501